9 0.931986302870169 0.5159544169649435 0.13602739425966193 0.45284940908518156
9 0.6950886004308889 0.5581559280542608 0.3682528348444678 0.4886896971069652
9 0.5372611896339475 0.7097441933295194 0.6709119365359646 0.5805116133409611
14 0.20362877834353088 0.486441704755308 0.40725755668706176 0.972883409510616
14 0.4381086236646318 0.5 0.33022397733895625 1.0
14 0.6703797151708767 0.2422671403408701 0.20202987591053279 0.38276321947798253
9 0.7921513181021801 0.3405698629846707 0.20599878171710118 0.3834269285154229
14 0.8580216115576723 0.3153031280652433 0.1124405591194837 0.24016997023333103
14 0.426695378341157 0.11090679635633097 0.12434727653918859 0.22181359271266193
14 0.3692573411723629 0.13278499870226168 0.0660447954677913 0.20376386157331905
