14 0.6712432247207921 0.603814716315102 0.4096841487763139 0.792370567369796
14 0.2942894013812196 0.5973712219945732 0.3877427664069428 0.8048530458778209
14 0.19186058488810764 0.5173896957740162 0.17050761966720163 0.3514677723521937
14 0.028303050207801217 0.6606169956851191 0.056606100415602434 0.49669398709283646
14 0.06416559272147784 0.6130928384189387 0.04288132133108552 0.12319864801374791
14 0.10291268972889964 0.5095840628511105 0.03888150567911958 0.12314744471024408
14 0.4653472353439492 0.4515541832707488 0.08305228900007117 0.14770957496058307
14 0.8712820104161262 0.6020907547570373 0.0823772666522522 0.3316754932992664
14 0.8027268189124344 0.5398769911081163 0.0876857455328981 0.2357567226073386
14 0.972334959344709 0.5953840068665794 0.05237864926250735 0.33129146852298674
14 0.9309801364993342 0.5055171559525482 0.04251649779361999 0.07253431642217889
